420472202
516343717
032250305
800957178
444089450
715930970
496481209
335844789
079563560
245994114
273867236
169116473
350849261
634020743
750762419
622607633
900303487
252329560
477738491
719859197
604937984
386150900
972857866
626020818
121837838
377563340
162774756
889062856
494251595
861048523
929826111
767283332
805010863
825818439
062891124
135746723
523005958
195474596
374848521
361771277
589027586
809293046
309476604
192105853
615644958
726674334
757977452
099554059
271848272
503290046
162128524
163357284
504924938
602915778
398633351
079561965
118400988
017981226
162029215
978818817
978766898
491703625
958739621
801778358
022192454
745528580
297464200
303512868
657219168
311058479
825186473
009820837
608703651
098516264
956839813
896676032
921783419
784477369
285853556
760949290
870218054
168753009
864858777
965097892
049824235
137513391
708317197
278261784
065816156
733574384
277194262
824315021
580847376
885604021
095436049
141135963
424984487
175729433
658761368
139637076
337862808
745364668
417582152
359145336
447973440
044802028
819733376
004702146
676166479
074948385
850230554
719325072
926421259
584507553
701643141
306059175
509950716
041205629
637343260
768764745
568789241
186910246
249016590
357225150
810412536
686697247
509222838
660711965
925595320
551484778
641623820
896446988
835084451
177249522
715459047
462060406
373008061
283729623
080286337
907307113
350722695
358487120
108939641
646729988
820769571
636529594
011683581
307484332
988630680
502660929
721469802
528392451
664831924
310467448
530469714
505088271
648794449
146193064
505004932
986856200
317036342
979480883
929514245
684387021
100059047
576537951
783222924
462568472
189732537
855277470
855102959
710684848
160788535
240851156
832990385
468447290
532618723
317617646
609543273
685857620
742503277
948893211
474069822
393543870
600580912
668175058
413767145
112271262
691509014
480766571
923240376
235395207
916993550
700024062
340889419
883583849
169162678
423501453
713071455
470497654
266437713
541085981
446886191
942696378
241450958
336014634
932291829
910155150
643255729
084304597
566672297
938264836
476907366
127795924
630467850
352043770
817687179
450507292
458752130
892550378
338489108
339215428
365520658
828767677
118049591
451914079
381157824
758662521
662764171
640766458
165021373
501887204
109285830
223835062
184262082
245173757
291684181
222759957
007624000
837095504
579844740
715478978
472171722
978853337
845392289
748065138
572468791
390939157
656452076
126363243
962066981
982638845
377003338
683989577
576839623
768469802
695983941
274858710
378225205
724323617
895380162
758570101
598020392
711249355
731699709
758550689
069193039
860039900
973729788
783793106
757750741
304776655
132502813
200975050
232610375
272523715
671679284
066237265
675927208
155212141
612246072
593085816
972494718
750085682
488787278
476725107
955953422
165034751
464046666
659254507
784297773
385789455
926842302
899329096
802481327
462057297
064007907
557795938
323639369
197607408
266437713
541085981
446886191
942696378
241450958
336014634
932291829
910155150
643255729
084304597
566672297
938264836
476907366
127795924
630467850
352043770
817687179
450507292
458752130
892550378
338489108
339215428
365520658
828767677
118049591
451914079
381157824
758662521
662764171
640766458
165021373
501887204
109285830
223835062
184262082
245173757
291684181
222759957
007624000
837095504
579844740
715478978
472171722
978853337
845392289
748065138
572468791
390939157
656452076
126363243
962066981
982638845
377003338
683989577
576839623
768469802
695983941
274858710
378225205
724323617
895380162
758570101
598020392
711249355
731699709
758550689
069193039
860039900
973729788
783793106
757750741
304776655
132502813
200975050
232610375
272523715
671679284
066237265
675927208
155212141
612246072
593085816
972494718
750085682
488787278
476725107
955953422
165034751
464046666
659254507
784297773
385789455
926842302
899329096
802481327
462057297
064007907
557795938
323639369
197607408
689074596
012048456
781578064
919817366
161475211
496654461
700792429
207444966
501276713
119288431
333178575
902139801
922850693
372699557
770994974
833019188
613882837
344443840
596998816
738027311
845290574
095795577
446348070
886405463
349818475
905639547
564104741
345236174
847301355
117527002
166699306
751582727
393146946
577237177
453611884
185590194
006820547
228580778
490050069
595188132
640509577
924929935
818426230
279329387
263655558
472315038
818741789
921287742
673914417
264039217
663782467
235536077
103517539
459838174
562025623
044405268
936820637
228430093
449880406
257949913
359103212
570568509
418103194
679599910
769725686
006917236
725684676
934916474
250942665
435094462
424815453
654758015
408008545
690072628
245610512
760670535
110228490
927498540
484541605
064097836
652301155
200665826
560970663
698929044
667733326
616714781
170063977
440224556
534106684
965962350
945067523
595915574
436032268
787293046
513115762
774378604
223052356
022433900
279606567
192497733
114479971
110049756
770914843
047495492
637642617
650742137
079829368
349114386
136200414
549522459
127139567
795415466
823775011
431155101
397839385
743110722
172297708
919692631
496708870
518838518
175045308
234814691
178052813
454059590
437828298
691497678
535931980
352034963
097246004
092696885
884188684
559383984
754014693
810328187
831860259
072574944
634667576
445631667
383531036
527983741
668221488
510873076
128927391
280113352
772760167
290183922
659770005
130406413
062071463
702689790
216256908
388596732
000379348
705431122
558318982
933070905
438071183
889620529
480797888
536343561
007969012
968947736
629363619
998795707
066961734
915941313
032802472
728314598
281875007
376666804
222064513
162340951
853519199
028325786
287412508
762013033
032964442
559301652
291402806
065261705
115155320
734884164
854370541
432948480
378866373
523050005
195490348
922808536
110416527
590030174
131312265
579621273
888992900
017259476
528480618
169068259
904739676
825673734
361268183
131604572